1 131.2 0.0 6.18 0.7458993420826714 #MET
2 57.05 0.0 4.5 0.7012713677972457 #GLY
3 128.17 1.0 6.36 0.0586171731586979 #LYS
4 101.11 0.0 5.62 0.5379777613307019 #THR
5 156.19 1.0 6.56 0.7249915947715212 #ARG
6 71.07 0.0 5.04 0.0011162643859539 #ALA
7 115.09 -1.0 5.58 0.0291821237763497 #ASP
8 129.11 -1.0 5.92 0.0061002816086497 #GLU
9 163.18 0.0 6.46 0.9950108229594324 #TYR
10 99.13 0.0 5.86 0.4185006852559869 #VAL
11 113.16 0.0 6.18 0.5563020305733198 #LEU
12 128.13 0.0 6.02 0.3268188050525212 #GLN
13 186.22 0.0 6.78 0.9844235478393932 #TRP
14 147.18 0.0 6.36 0.9216959832175944 #PHE
15 87.08 0.0 5.18 0.4648570130065605 #SER
16 137.14 0.0 6.08 0.4651948082346978 #HIS
17 114.1 0.0 5.68 0.4383272997027284 #ASN
18 97.12 0.0 5.56 0.3729641853599348 #PRO
19 103.14 0.0 5.48 0.610362354303913 #CYS
20 113.16 0.0 6.18 0.6075268330845265 #ILE
21 156.19 1.0 6.56 0.7249915947715212 #X
22 87.08 0.0 5.18 0.4648570130065605 #Z
23 101.11 0.0 5.62 0.5379777613307019 #B
