1 131.2 0 6.18 0.530848113434 #M
2 57.05 0 4.5 0.705884373367 #G
3 128.17 1 6.36 0.179021173899 #K
4 101.11 0 5.62 0.371316297627 #T
5 156.19 1 6.56 0.730762476752 #R
6 71.07 0 5.04 0.274329796904 #A
7 115.09 -1 5.58 0.041604048061 #D
8 129.11 -1 5.92 0.000693546096 #E
9 163.18 0 6.46 0.977461144934 #Y
10 99.13 0 5.86 0.208376960817 #V
11 113.16 0 6.18 0.644000500778 #L
12 128.13 0 6.02 0.393431855106 #Q
13 186.22 0 6.78 0.989376474037 #W
14 147.18 0 6.36 0.867235898206 #F
15 87.08 0 5.18 0.462541681161 #S
16 137.14 0 6.08 0.466366729056 #H
17 114.1 0 5.68 0.425585900979 #N
18 97.12 0 5.56 0.359312657636 #P
19 103.14 0 5.48 0.561543509914 #C
20 113.16 0 6.18 0.542362361067 #I
21 156.19 0 6.56 0.730762476752 #X
22 87.08 -2 5.18 0.462541681161 #Z
23 101.11 -2 5.62 0.371316297627 #B
