1 1 0.2 6.18 0.64648
1 2 0.2 5.34 0.944005
1 3 0.2 6.27 0.55877
1 4 0.2 5.9 0.46093000000000006
1 5 0.2 6.37 0.443365
1 6 0.2 5.609999999999999 0.580775
1 7 0.2 5.880000000000001 0.47586500000000004
1 8 0.2 6.05 0.5363450000000001
1 9 0.2 6.32 0.84457
1 10 0.2 6.02 0.601465
1 11 0.2 6.18 0.579275
1 12 0.2 6.1 0.47082
1 13 0.2 6.48 0.81118
1 14 0.2 6.27 0.9125099999999999
1 15 0.2 5.680000000000001 0.379215
1 16 0.2 6.13 0.600925
1 17 0.2 5.93 0.7154750000000001
1 18 0.2 5.869999999999999 0.49388
1 19 0.2 5.83 0.554085
1 20 0.2 6.18 0.742775
1 21 0.2 6.37 0.443365
1 22 0.2 5.680000000000001 0.379215
1 23 0.2 5.9 0.46093000000000006
2 2 0.2 4.5 1.24153
2 3 0.2 5.430000000000001 0.856295
2 4 0.2 5.0600000000000005 0.758455
2 5 0.2 5.53 0.74089
2 6 0.2 4.77 0.8783000000000001
2 7 0.2 5.04 0.77339
2 8 0.2 5.21 0.83387
2 9 0.2 5.48 1.1420949999999999
2 10 0.2 5.18 0.89899
2 11 0.2 5.34 0.8768
2 12 0.2 5.26 0.7683450000000001
2 13 0.2 5.640000000000001 1.108705
2 14 0.2 5.430000000000001 1.210035
2 15 0.2 4.84 0.67674
2 16 0.2 5.29 0.89845
2 17 0.2 5.09 1.013
2 18 0.2 5.03 0.791405
2 19 0.2 4.99 0.85161
2 20 0.2 5.34 1.0403
2 21 0.2 5.53 0.74089
2 22 0.2 4.84 0.67674
2 23 0.2 5.0600000000000005 0.758455
3 3 0.2 6.36 0.47106
3 4 0.2 5.99 0.37322
3 5 0.2 6.46 0.355655
3 6 0.2 5.700000000000001 0.493065
3 7 0.2 5.97 0.38815500000000003
3 8 0.2 6.14 0.448635
3 9 0.2 6.41 0.75686
3 10 0.2 6.109999999999999 0.513755
3 11 0.2 6.27 0.49156500000000003
3 12 0.2 6.1899999999999995 0.38310999999999995
3 13 0.2 6.57 0.72347
3 14 0.2 6.36 0.8248
3 15 0.2 5.77 0.291505
3 16 0.2 6.22 0.513215
3 17 0.2 6.02 0.627765
3 18 0.2 5.960000000000001 0.40617
3 19 0.2 5.920000000000001 0.466375
3 20 0.2 6.27 0.655065
3 21 0.2 6.46 0.355655
3 22 0.2 5.77 0.291505
3 23 0.2 5.99 0.37322
4 4 0.2 5.620000000000001 0.27538
4 5 0.2 6.09 0.257815
4 6 0.2 5.33 0.39522500000000005
4 7 0.2 5.6000000000000005 0.290315
4 8 0.2 5.77 0.35079499999999997
4 9 0.2 6.040000000000001 0.6590199999999999
4 10 0.2 5.74 0.41591500000000003
4 11 0.2 5.9 0.393725
4 12 0.2 5.82 0.28527
4 13 0.2 6.200000000000001 0.62563
4 14 0.2 5.99 0.7269599999999999
4 15 0.2 5.4 0.193665
4 16 0.2 5.85 0.41537500000000005
4 17 0.2 5.6499999999999995 0.529925
4 18 0.2 5.590000000000001 0.30833
4 19 0.2 5.550000000000001 0.368535
4 20 0.2 5.9 0.557225
4 21 0.2 6.09 0.257815
4 22 0.2 5.4 0.193665
4 23 0.2 5.620000000000001 0.27538
5 5 0.2 6.5600000000000005 0.24025
5 6 0.2 5.800000000000001 0.37766
5 7 0.2 6.07 0.27275
5 8 0.2 6.24 0.33322999999999997
5 9 0.2 6.51 0.641455
5 10 0.2 6.21 0.39835
5 11 0.2 6.37 0.37616
5 12 0.2 6.29 0.26770499999999997
5 13 0.2 6.67 0.608065
5 14 0.2 6.46 0.709395
5 15 0.2 5.869999999999999 0.17609999999999998
5 16 0.2 6.32 0.39781
5 17 0.2 6.12 0.51236
5 18 0.2 6.0600000000000005 0.290765
5 19 0.2 6.020000000000001 0.35097
5 20 0.2 6.37 0.53966
5 21 0.2 6.5600000000000005 0.24025
5 22 0.2 5.869999999999999 0.17609999999999998
5 23 0.2 6.09 0.257815
6 6 0.2 5.04 0.51507
6 7 0.2 5.3100000000000005 0.41016
6 8 0.2 5.48 0.47064
6 9 0.2 5.75 0.7788649999999999
6 10 0.2 5.449999999999999 0.53576
6 11 0.2 5.609999999999999 0.5135700000000001
6 12 0.2 5.529999999999999 0.405115
6 13 0.2 5.91 0.745475
6 14 0.2 5.700000000000001 0.846805
6 15 0.2 5.11 0.31351
6 16 0.2 5.5600000000000005 0.53522
6 17 0.2 5.36 0.64977
6 18 0.2 5.300000000000001 0.428175
6 19 0.2 5.26 0.48838000000000004
6 20 0.2 5.609999999999999 0.6770700000000001
6 21 0.2 5.800000000000001 0.37766
6 22 0.2 5.11 0.31351
6 23 0.2 5.33 0.39522500000000005
7 7 0.2 5.58 0.30525
7 8 0.2 5.75 0.36573
7 9 0.2 6.020000000000001 0.673955
7 10 0.2 5.720000000000001 0.43085
7 11 0.2 5.880000000000001 0.40866
7 12 0.2 5.800000000000001 0.300205
7 13 0.2 6.1800000000000015 0.640565
7 14 0.2 5.97 0.741895
7 15 0.2 5.380000000000001 0.2086
7 16 0.2 5.83 0.43031
7 17 0.2 5.629999999999999 0.54486
7 18 0.2 5.57 0.323265
7 19 0.2 5.53 0.38347
7 20 0.2 5.880000000000001 0.57216
7 21 0.2 6.07 0.27275
7 22 0.2 5.380000000000001 0.2086
7 23 0.2 5.6000000000000005 0.290315
8 8 0.2 5.92 0.42621
8 9 0.2 6.1899999999999995 0.734435
8 10 0.2 5.89 0.49133
8 11 0.2 6.05 0.46914
8 12 0.2 5.97 0.360685
8 13 0.2 6.35 0.7010449999999999
8 14 0.2 6.14 0.802375
8 15 0.2 5.549999999999999 0.26908
8 16 0.2 6.0 0.49079
8 17 0.2 5.8 0.60534
8 18 0.2 5.74 0.383745
8 19 0.2 5.700000000000001 0.44394999999999996
8 20 0.2 6.05 0.63264
8 21 0.2 6.24 0.33322999999999997
8 22 0.2 5.549999999999999 0.26908
8 23 0.2 5.77 0.35079499999999997
9 9 0.2 6.46 1.04266
9 10 0.2 6.16 0.799555
9 11 0.2 6.32 0.777365
9 12 0.2 6.24 0.6689099999999999
9 13 0.2 6.62 1.00927
9 14 0.2 6.41 1.1105999999999998
9 15 0.2 5.82 0.577305
9 16 0.2 6.27 0.799015
9 17 0.2 6.07 0.913565
9 18 0.2 6.01 0.69197
9 19 0.2 5.97 0.7521749999999999
9 20 0.2 6.32 0.940865
9 21 0.2 6.51 0.641455
9 22 0.2 5.82 0.577305
9 23 0.2 6.040000000000001 0.6590199999999999
10 10 0.2 5.859999999999999 0.55645
10 11 0.2 6.02 0.53426
10 12 0.2 5.9399999999999995 0.425805
10 13 0.2 6.32 0.766165
10 14 0.2 6.109999999999999 0.8674949999999999
10 15 0.2 5.5200000000000005 0.3342
10 16 0.2 5.97 0.55591
10 17 0.2 5.77 0.6704600000000001
10 18 0.2 5.709999999999999 0.44886499999999996
10 19 0.2 5.67 0.50907
10 20 0.2 6.02 0.6977599999999999
10 21 0.2 6.21 0.39835
10 22 0.2 5.5200000000000005 0.3342
10 23 0.2 5.74 0.41591500000000003
11 11 0.2 6.18 0.51207
11 12 0.2 6.1 0.403615
11 13 0.2 6.48 0.743975
11 14 0.2 6.27 0.845305
11 15 0.2 5.680000000000001 0.31201
11 16 0.2 6.13 0.53372
11 17 0.2 5.93 0.64827
11 18 0.2 5.869999999999999 0.426675
11 19 0.2 5.83 0.48688
11 20 0.2 6.18 0.67557
11 21 0.2 6.37 0.37616
11 22 0.2 5.680000000000001 0.31201
11 23 0.2 5.9 0.393725
12 12 0.2 6.02 0.29516
12 13 0.2 6.4 0.63552
12 14 0.2 6.1899999999999995 0.73685
12 15 0.2 5.6000000000000005 0.20355499999999999
12 16 0.2 6.05 0.425265
12 17 0.2 5.85 0.5398149999999999
12 18 0.2 5.789999999999999 0.31821999999999995
12 19 0.2 5.75 0.378425
12 20 0.2 6.1 0.567115
12 21 0.2 6.29 0.26770499999999997
12 22 0.2 5.6000000000000005 0.20355499999999999
12 23 0.2 5.82 0.28527
13 13 0.2 6.78 0.97588
13 14 0.2 6.57 1.07721
13 15 0.2 5.98 0.5439149999999999
13 16 0.2 6.43 0.765625
13 17 0.2 6.23 0.8801749999999999
13 18 0.2 6.17 0.6585799999999999
13 19 0.2 6.13 0.718785
13 20 0.2 6.48 0.907475
13 21 0.2 6.67 0.608065
13 22 0.2 5.98 0.5439149999999999
13 23 0.2 6.200000000000001 0.62563
14 14 0.2 6.36 1.17854
14 15 0.2 5.77 0.645245
14 16 0.2 6.22 0.8669549999999999
14 17 0.2 6.02 0.981505
14 18 0.2 5.960000000000001 0.75991
14 19 0.2 5.920000000000001 0.8201149999999999
14 20 0.2 6.27 1.008805
14 21 0.2 6.46 0.709395
14 22 0.2 5.77 0.645245
14 23 0.2 5.99 0.7269599999999999
15 15 0.2 5.18 0.11195
15 16 0.2 5.629999999999999 0.33366
15 17 0.2 5.43 0.44821
15 18 0.2 5.37 0.22661499999999998
15 19 0.2 5.33 0.28681999999999996
15 20 0.2 5.680000000000001 0.47551
15 21 0.2 5.869999999999999 0.17609999999999998
15 22 0.2 5.18 0.11195
15 23 0.2 5.4 0.193665
16 16 0.2 6.08 0.55537
16 17 0.2 5.88 0.6699200000000001
16 18 0.2 5.82 0.448325
16 19 0.2 5.780000000000001 0.50853
16 20 0.2 6.13 0.69722
16 21 0.2 6.32 0.39781
16 22 0.2 5.629999999999999 0.33366
16 23 0.2 5.85 0.41537500000000005
17 17 0.2 5.68 0.78447
17 18 0.2 5.620000000000001 0.562875
17 19 0.2 5.58 0.62308
17 20 0.2 5.93 0.81177
17 21 0.2 6.12 0.51236
17 22 0.2 5.43 0.44821
17 23 0.2 5.6499999999999995 0.529925
18 18 0.2 5.5600000000000005 0.34128
18 19 0.2 5.5200000000000005 0.401485
18 20 0.2 5.869999999999999 0.590175
18 21 0.2 6.0600000000000005 0.290765
18 22 0.2 5.37 0.22661499999999998
18 23 0.2 5.590000000000001 0.30833
19 19 0.2 5.48 0.46169
19 20 0.2 5.83 0.65038
19 21 0.2 6.020000000000001 0.35097
19 22 0.2 5.33 0.28681999999999996
19 23 0.2 5.550000000000001 0.368535
20 20 0.2 6.18 0.83907
20 21 0.2 6.37 0.53966
20 22 0.2 5.680000000000001 0.47551
20 23 0.2 5.9 0.557225
21 21 0.2 6.5600000000000005 0.24025
21 22 0.2 5.869999999999999 0.17609999999999998
21 23 0.2 6.09 0.257815
22 22 0.2 5.18 0.11195
22 23 0.2 5.4 0.193665
23 23 0.2 5.620000000000001 0.27538
