1 1 0.2 6.18 0.838
1 2 0.2 5.34 0.7435
1 3 0.2 6.27 0.6759999999999999
1 4 0.2 5.9 0.757
1 5 0.2 6.37 0.419
1 6 0.2 5.609999999999999 0.784
1 7 0.2 5.880000000000001 0.608
1 8 0.2 6.05 0.6485
1 9 0.2 6.32 0.8514999999999999
1 10 0.2 6.02 0.865
1 11 0.2 6.18 0.9055
1 12 0.2 6.1 0.6759999999999999
1 13 0.2 6.48 0.8919999999999999
1 14 0.2 6.27 0.919
1 15 0.2 5.680000000000001 0.7164999999999999
1 16 0.2 6.13 0.6759999999999999
1 17 0.2 5.93 0.635
1 18 0.2 5.869999999999999 0.919
1 19 0.2 5.83 0.7164999999999999
1 20 0.2 6.18 0.9055
1 21 0.2 6.37 0.419
1 22 0.2 5.680000000000001 0.7164999999999999
1 23 0.2 5.9 0.757
2 2 0.2 4.5 0.649
2 3 0.2 5.430000000000001 0.5815
2 4 0.2 5.0600000000000005 0.6625000000000001
2 5 0.2 5.53 0.3245
2 6 0.2 4.77 0.6895
2 7 0.2 5.04 0.5135000000000001
2 8 0.2 5.21 0.554
2 9 0.2 5.48 0.757
2 10 0.2 5.18 0.7705
2 11 0.2 5.34 0.8109999999999999
2 12 0.2 5.26 0.5815
2 13 0.2 5.640000000000001 0.7975
2 14 0.2 5.430000000000001 0.8245
2 15 0.2 4.84 0.622
2 16 0.2 5.29 0.5815
2 17 0.2 5.09 0.5405
2 18 0.2 5.03 0.8245
2 19 0.2 4.99 0.622
2 20 0.2 5.34 0.8109999999999999
2 21 0.2 5.53 0.3245
2 22 0.2 4.84 0.622
2 23 0.2 5.0600000000000005 0.6625000000000001
3 3 0.2 6.36 0.514
3 4 0.2 5.99 0.595
3 5 0.2 6.46 0.257
3 6 0.2 5.700000000000001 0.622
3 7 0.2 5.97 0.446
3 8 0.2 6.14 0.48650000000000004
3 9 0.2 6.41 0.6895
3 10 0.2 6.109999999999999 0.7030000000000001
3 11 0.2 6.27 0.7435
3 12 0.2 6.1899999999999995 0.514
3 13 0.2 6.57 0.73
3 14 0.2 6.36 0.757
3 15 0.2 5.77 0.5545
3 16 0.2 6.22 0.514
3 17 0.2 6.02 0.473
3 18 0.2 5.960000000000001 0.757
3 19 0.2 5.920000000000001 0.5545
3 20 0.2 6.27 0.7435
3 21 0.2 6.46 0.257
3 22 0.2 5.77 0.5545
3 23 0.2 5.99 0.595
4 4 0.2 5.620000000000001 0.676
4 5 0.2 6.09 0.338
4 6 0.2 5.33 0.7030000000000001
4 7 0.2 5.6000000000000005 0.527
4 8 0.2 5.77 0.5675
4 9 0.2 6.040000000000001 0.7705
4 10 0.2 5.74 0.784
4 11 0.2 5.9 0.8245
4 12 0.2 5.82 0.595
4 13 0.2 6.200000000000001 0.8109999999999999
4 14 0.2 5.99 0.8380000000000001
4 15 0.2 5.4 0.6355
4 16 0.2 5.85 0.595
4 17 0.2 5.6499999999999995 0.554
4 18 0.2 5.590000000000001 0.8380000000000001
4 19 0.2 5.550000000000001 0.6355
4 20 0.2 5.9 0.8245
4 21 0.2 6.09 0.338
4 22 0.2 5.4 0.6355
4 23 0.2 5.620000000000001 0.676
5 5 0.2 6.5600000000000005 0
5 6 0.2 5.800000000000001 0.365
5 7 0.2 6.07 0.189
5 8 0.2 6.24 0.2295
5 9 0.2 6.51 0.4325
5 10 0.2 6.21 0.446
5 11 0.2 6.37 0.4865
5 12 0.2 6.29 0.257
5 13 0.2 6.67 0.473
5 14 0.2 6.46 0.5
5 15 0.2 5.869999999999999 0.2975
5 16 0.2 6.32 0.257
5 17 0.2 6.12 0.216
5 18 0.2 6.0600000000000005 0.5
5 19 0.2 6.020000000000001 0.2975
5 20 0.2 6.37 0.4865
5 21 0.2 6.5600000000000005 0.0
5 22 0.2 5.869999999999999 0.2975
5 23 0.2 6.09 0.338
6 6 0.2 5.04 0.73
6 7 0.2 5.3100000000000005 0.554
6 8 0.2 5.48 0.5945
6 9 0.2 5.75 0.7975
6 10 0.2 5.449999999999999 0.8109999999999999
6 11 0.2 5.609999999999999 0.8514999999999999
6 12 0.2 5.529999999999999 0.622
6 13 0.2 5.91 0.838
6 14 0.2 5.700000000000001 0.865
6 15 0.2 5.11 0.6625
6 16 0.2 5.5600000000000005 0.622
6 17 0.2 5.36 0.581
6 18 0.2 5.300000000000001 0.865
6 19 0.2 5.26 0.6625
6 20 0.2 5.609999999999999 0.8514999999999999
6 21 0.2 5.800000000000001 0.365
6 22 0.2 5.11 0.6625
6 23 0.2 5.33 0.7030000000000001
7 7 0.2 5.58 0.378
7 8 0.2 5.75 0.4185
7 9 0.2 6.020000000000001 0.6214999999999999
7 10 0.2 5.720000000000001 0.635
7 11 0.2 5.880000000000001 0.6755
7 12 0.2 5.800000000000001 0.446
7 13 0.2 6.1800000000000015 0.6619999999999999
7 14 0.2 5.97 0.6890000000000001
7 15 0.2 5.380000000000001 0.4865
7 16 0.2 5.83 0.446
7 17 0.2 5.629999999999999 0.405
7 18 0.2 5.57 0.6890000000000001
7 19 0.2 5.53 0.4865
7 20 0.2 5.880000000000001 0.6755
7 21 0.2 6.07 0.189
7 22 0.2 5.380000000000001 0.4865
7 23 0.2 5.6000000000000005 0.527
8 8 0.2 5.92 0.459
8 9 0.2 6.1899999999999995 0.662
8 10 0.2 5.89 0.6755
8 11 0.2 6.05 0.716
8 12 0.2 5.97 0.48650000000000004
8 13 0.2 6.35 0.7025
8 14 0.2 6.14 0.7295
8 15 0.2 5.549999999999999 0.527
8 16 0.2 6.0 0.48650000000000004
8 17 0.2 5.8 0.4455
8 18 0.2 5.74 0.7295
8 19 0.2 5.700000000000001 0.527
8 20 0.2 6.05 0.716
8 21 0.2 6.24 0.2295
8 22 0.2 5.549999999999999 0.527
8 23 0.2 5.77 0.5675
9 9 0.2 6.46 0.865
9 10 0.2 6.16 0.8785000000000001
9 11 0.2 6.32 0.919
9 12 0.2 6.24 0.6895
9 13 0.2 6.62 0.9055
9 14 0.2 6.41 0.9325
9 15 0.2 5.82 0.73
9 16 0.2 6.27 0.6895
9 17 0.2 6.07 0.6485
9 18 0.2 6.01 0.9325
9 19 0.2 5.97 0.73
9 20 0.2 6.32 0.919
9 21 0.2 6.51 0.4325
9 22 0.2 5.82 0.73
9 23 0.2 6.040000000000001 0.7705
10 10 0.2 5.859999999999999 0.892
10 11 0.2 6.02 0.9325
10 12 0.2 5.9399999999999995 0.7030000000000001
10 13 0.2 6.32 0.919
10 14 0.2 6.109999999999999 0.946
10 15 0.2 5.5200000000000005 0.7435
10 16 0.2 5.97 0.7030000000000001
10 17 0.2 5.77 0.662
10 18 0.2 5.709999999999999 0.946
10 19 0.2 5.67 0.7435
10 20 0.2 6.02 0.9325
10 21 0.2 6.21 0.446
10 22 0.2 5.5200000000000005 0.7435
10 23 0.2 5.74 0.784
11 11 0.2 6.18 0.973
11 12 0.2 6.1 0.7435
11 13 0.2 6.48 0.9595
11 14 0.2 6.27 0.9864999999999999
11 15 0.2 5.680000000000001 0.784
11 16 0.2 6.13 0.7435
11 17 0.2 5.93 0.7025
11 18 0.2 5.869999999999999 0.9864999999999999
11 19 0.2 5.83 0.784
11 20 0.2 6.18 0.973
11 21 0.2 6.37 0.4865
11 22 0.2 5.680000000000001 0.784
11 23 0.2 5.9 0.8245
12 12 0.2 6.02 0.514
12 13 0.2 6.4 0.73
12 14 0.2 6.1899999999999995 0.757
12 15 0.2 5.6000000000000005 0.5545
12 16 0.2 6.05 0.514
12 17 0.2 5.85 0.473
12 18 0.2 5.789999999999999 0.757
12 19 0.2 5.75 0.5545
12 20 0.2 6.1 0.7435
12 21 0.2 6.29 0.257
12 22 0.2 5.6000000000000005 0.5545
12 23 0.2 5.82 0.595
13 13 0.2 6.78 0.946
13 14 0.2 6.57 0.973
13 15 0.2 5.98 0.7705
13 16 0.2 6.43 0.73
13 17 0.2 6.23 0.689
13 18 0.2 6.17 0.973
13 19 0.2 6.13 0.7705
13 20 0.2 6.48 0.9595
13 21 0.2 6.67 0.473
13 22 0.2 5.98 0.7705
13 23 0.2 6.200000000000001 0.8109999999999999
14 14 0.2 6.36 1
14 15 0.2 5.77 0.7975
14 16 0.2 6.22 0.757
14 17 0.2 6.02 0.716
14 18 0.2 5.960000000000001 1.0
14 19 0.2 5.920000000000001 0.7975
14 20 0.2 6.27 0.9864999999999999
14 21 0.2 6.46 0.5
14 22 0.2 5.77 0.7975
14 23 0.2 5.99 0.8380000000000001
15 15 0.2 5.18 0.595
15 16 0.2 5.629999999999999 0.5545
15 17 0.2 5.43 0.5135
15 18 0.2 5.37 0.7975
15 19 0.2 5.33 0.595
15 20 0.2 5.680000000000001 0.784
15 21 0.2 5.869999999999999 0.2975
15 22 0.2 5.18 0.595
15 23 0.2 5.4 0.6355
16 16 0.2 6.08 0.514
16 17 0.2 5.88 0.473
16 18 0.2 5.82 0.757
16 19 0.2 5.780000000000001 0.5545
16 20 0.2 6.13 0.7435
16 21 0.2 6.32 0.257
16 22 0.2 5.629999999999999 0.5545
16 23 0.2 5.85 0.595
17 17 0.2 5.68 0.432
17 18 0.2 5.620000000000001 0.716
17 19 0.2 5.58 0.5135
17 20 0.2 5.93 0.7025
17 21 0.2 6.12 0.216
17 22 0.2 5.43 0.5135
17 23 0.2 5.6499999999999995 0.554
18 18 0.2 5.5600000000000005 1
18 19 0.2 5.5200000000000005 0.7975
18 20 0.2 5.869999999999999 0.9864999999999999
18 21 0.2 6.0600000000000005 0.5
18 22 0.2 5.37 0.7975
18 23 0.2 5.590000000000001 0.8380000000000001
19 19 0.2 5.48 0.595
19 20 0.2 5.83 0.784
19 21 0.2 6.020000000000001 0.2975
19 22 0.2 5.33 0.595
19 23 0.2 5.550000000000001 0.6355
20 20 0.2 6.18 0.973
20 21 0.2 6.37 0.4865
20 22 0.2 5.680000000000001 0.784
20 23 0.2 5.9 0.8245
21 21 0.2 6.5600000000000005 0
21 22 0.2 5.869999999999999 0.2975
21 23 0.2 6.09 0.338
22 22 0.2 5.18 0.595
22 23 0.2 5.4 0.6355
23 23 0.2 5.620000000000001 0.676
