1 1 0.2 6.18 0.676471
1 2 0.2 5.34 0.6250005000000001
1 3 0.2 6.27 0.5294125000000001
1 4 0.2 5.9 0.6323535
1 5 0.2 6.37 0.6176475
1 6 0.2 5.609999999999999 0.6397065
1 7 0.2 5.880000000000001 0.48529500000000003
1 8 0.2 6.05 0.3382355
1 9 0.2 6.32 0.786765
1 10 0.2 6.02 0.6705890000000001
1 11 0.2 6.18 0.6985300000000001
1 12 0.2 6.1 0.6176475
1 13 0.2 6.48 0.8382355
1 14 0.2 6.27 0.7500005000000001
1 15 0.2 5.680000000000001 0.6323535
1 16 0.2 6.13 0.720589
1 17 0.2 5.93 0.6323535
1 18 0.2 5.869999999999999 0.7176475
1 19 0.2 5.83 0.6617655
1 20 0.2 6.18 0.691177
1 21 0.2 6.37 0.6176475
1 22 0.2 5.680000000000001 0.6323535
1 23 0.2 5.9 0.6323535
2 2 0.2 4.5 0.57353
2 3 0.2 5.430000000000001 0.477942
2 4 0.2 5.0600000000000005 0.580883
2 5 0.2 5.53 0.5661769999999999
2 6 0.2 4.77 0.588236
2 7 0.2 5.04 0.4338245
2 8 0.2 5.21 0.286765
2 9 0.2 5.48 0.7352945
2 10 0.2 5.18 0.6191185
2 11 0.2 5.34 0.6470595
2 12 0.2 5.26 0.5661769999999999
2 13 0.2 5.640000000000001 0.7867649999999999
2 14 0.2 5.430000000000001 0.69853
2 15 0.2 4.84 0.580883
2 16 0.2 5.29 0.6691185
2 17 0.2 5.09 0.580883
2 18 0.2 5.03 0.666177
2 19 0.2 4.99 0.610295
2 20 0.2 5.34 0.6397065
2 21 0.2 5.53 0.5661769999999999
2 22 0.2 4.84 0.580883
2 23 0.2 5.0600000000000005 0.580883
3 3 0.2 6.36 0.382354
3 4 0.2 5.99 0.48529500000000003
3 5 0.2 6.46 0.47058900000000004
3 6 0.2 5.700000000000001 0.492648
3 7 0.2 5.97 0.33823650000000005
3 8 0.2 6.14 0.191177
3 9 0.2 6.41 0.6397065000000001
3 10 0.2 6.109999999999999 0.5235305
3 11 0.2 6.27 0.5514715
3 12 0.2 6.1899999999999995 0.47058900000000004
3 13 0.2 6.57 0.691177
3 14 0.2 6.36 0.602942
3 15 0.2 5.77 0.48529500000000003
3 16 0.2 6.22 0.5735305
3 17 0.2 6.02 0.48529500000000003
3 18 0.2 5.960000000000001 0.570589
3 19 0.2 5.920000000000001 0.514707
3 20 0.2 6.27 0.5441185000000001
3 21 0.2 6.46 0.47058900000000004
3 22 0.2 5.77 0.48529500000000003
3 23 0.2 5.99 0.48529500000000003
4 4 0.2 5.620000000000001 0.588236
4 5 0.2 6.09 0.57353
4 6 0.2 5.33 0.5955889999999999
4 7 0.2 5.6000000000000005 0.4411775
4 8 0.2 5.77 0.294118
4 9 0.2 6.040000000000001 0.7426475
4 10 0.2 5.74 0.6264715000000001
4 11 0.2 5.9 0.6544125000000001
4 12 0.2 5.82 0.57353
4 13 0.2 6.200000000000001 0.794118
4 14 0.2 5.99 0.705883
4 15 0.2 5.4 0.588236
4 16 0.2 5.85 0.6764715
4 17 0.2 5.6499999999999995 0.588236
4 18 0.2 5.590000000000001 0.67353
4 19 0.2 5.550000000000001 0.617648
4 20 0.2 5.9 0.6470595
4 21 0.2 6.09 0.57353
4 22 0.2 5.4 0.588236
4 23 0.2 5.620000000000001 0.588236
5 5 0.2 6.5600000000000005 0.558824
5 6 0.2 5.800000000000001 0.580883
5 7 0.2 6.07 0.4264715
5 8 0.2 6.24 0.279412
5 9 0.2 6.51 0.7279415
5 10 0.2 6.21 0.6117655
5 11 0.2 6.37 0.6397065
5 12 0.2 6.29 0.558824
5 13 0.2 6.67 0.779412
5 14 0.2 6.46 0.6911769999999999
5 15 0.2 5.869999999999999 0.57353
5 16 0.2 6.32 0.6617655
5 17 0.2 6.12 0.57353
5 18 0.2 6.0600000000000005 0.6588240000000001
5 19 0.2 6.020000000000001 0.602942
5 20 0.2 6.37 0.6323535
5 21 0.2 6.5600000000000005 0.558824
5 22 0.2 5.869999999999999 0.57353
5 23 0.2 6.09 0.57353
6 6 0.2 5.04 0.602942
6 7 0.2 5.3100000000000005 0.4485305
6 8 0.2 5.48 0.301471
6 9 0.2 5.75 0.7500005000000001
6 10 0.2 5.449999999999999 0.6338245
6 11 0.2 5.609999999999999 0.6617655
6 12 0.2 5.529999999999999 0.580883
6 13 0.2 5.91 0.801471
6 14 0.2 5.700000000000001 0.713236
6 15 0.2 5.11 0.5955889999999999
6 16 0.2 5.5600000000000005 0.6838245000000001
6 17 0.2 5.36 0.5955889999999999
6 18 0.2 5.300000000000001 0.680883
6 19 0.2 5.26 0.6250009999999999
6 20 0.2 5.609999999999999 0.6544125000000001
6 21 0.2 5.800000000000001 0.580883
6 22 0.2 5.11 0.5955889999999999
6 23 0.2 5.33 0.5955889999999999
7 7 0.2 5.58 0.294119
7 8 0.2 5.75 0.1470595
7 9 0.2 6.020000000000001 0.595589
7 10 0.2 5.720000000000001 0.47941300000000003
7 11 0.2 5.880000000000001 0.5073540000000001
7 12 0.2 5.800000000000001 0.4264715
7 13 0.2 6.1800000000000015 0.6470595
7 14 0.2 5.97 0.5588245000000001
7 15 0.2 5.380000000000001 0.4411775
7 16 0.2 5.83 0.529413
7 17 0.2 5.629999999999999 0.4411775
7 18 0.2 5.57 0.5264715
7 19 0.2 5.53 0.4705895
7 20 0.2 5.880000000000001 0.500001
7 21 0.2 6.07 0.4264715
7 22 0.2 5.380000000000001 0.4411775
7 23 0.2 5.6000000000000005 0.4411775
8 8 0.2 5.92 0.0
8 9 0.2 6.1899999999999995 0.4485295
8 10 0.2 5.89 0.3323535
8 11 0.2 6.05 0.3602945
8 12 0.2 5.97 0.279412
8 13 0.2 6.35 0.5
8 14 0.2 6.14 0.411765
8 15 0.2 5.549999999999999 0.294118
8 16 0.2 6.0 0.3823535
8 17 0.2 5.8 0.294118
8 18 0.2 5.74 0.379412
8 19 0.2 5.700000000000001 0.32353
8 20 0.2 6.05 0.3529415
8 21 0.2 6.24 0.279412
8 22 0.2 5.549999999999999 0.294118
8 23 0.2 5.77 0.294118
9 9 0.2 6.46 0.897059
9 10 0.2 6.16 0.780883
9 11 0.2 6.32 0.808824
9 12 0.2 6.24 0.7279415
9 13 0.2 6.62 0.9485295
9 14 0.2 6.41 0.8602945
9 15 0.2 5.82 0.7426475
9 16 0.2 6.27 0.830883
9 17 0.2 6.07 0.7426475
9 18 0.2 6.01 0.8279415000000001
9 19 0.2 5.97 0.7720595
9 20 0.2 6.32 0.801471
9 21 0.2 6.51 0.7279415
9 22 0.2 5.82 0.7426475
9 23 0.2 6.040000000000001 0.7426475
10 10 0.2 5.859999999999999 0.664707
10 11 0.2 6.02 0.692648
10 12 0.2 5.9399999999999995 0.6117655
10 13 0.2 6.32 0.8323535
10 14 0.2 6.109999999999999 0.7441185
10 15 0.2 5.5200000000000005 0.6264715000000001
10 16 0.2 5.97 0.714707
10 17 0.2 5.77 0.6264715000000001
10 18 0.2 5.709999999999999 0.7117655
10 19 0.2 5.67 0.6558835000000001
10 20 0.2 6.02 0.685295
10 21 0.2 6.21 0.6117655
10 22 0.2 5.5200000000000005 0.6264715000000001
10 23 0.2 5.74 0.6264715000000001
11 11 0.2 6.18 0.720589
11 12 0.2 6.1 0.6397065
11 13 0.2 6.48 0.8602945
11 14 0.2 6.27 0.7720595
11 15 0.2 5.680000000000001 0.6544125000000001
11 16 0.2 6.13 0.742648
11 17 0.2 5.93 0.6544125000000001
11 18 0.2 5.869999999999999 0.7397065
11 19 0.2 5.83 0.6838245000000001
11 20 0.2 6.18 0.713236
11 21 0.2 6.37 0.6397065
11 22 0.2 5.680000000000001 0.6544125000000001
11 23 0.2 5.9 0.6544125000000001
12 12 0.2 6.02 0.558824
12 13 0.2 6.4 0.779412
12 14 0.2 6.1899999999999995 0.6911769999999999
12 15 0.2 5.6000000000000005 0.57353
12 16 0.2 6.05 0.6617655
12 17 0.2 5.85 0.57353
12 18 0.2 5.789999999999999 0.6588240000000001
12 19 0.2 5.75 0.602942
12 20 0.2 6.1 0.6323535
12 21 0.2 6.29 0.558824
12 22 0.2 5.6000000000000005 0.57353
12 23 0.2 5.82 0.57353
13 13 0.2 6.78 1.0
13 14 0.2 6.57 0.9117649999999999
13 15 0.2 5.98 0.794118
13 16 0.2 6.43 0.8823535
13 17 0.2 6.23 0.794118
13 18 0.2 6.17 0.8794120000000001
13 19 0.2 6.13 0.82353
13 20 0.2 6.48 0.8529415
13 21 0.2 6.67 0.779412
13 22 0.2 5.98 0.794118
13 23 0.2 6.200000000000001 0.794118
14 14 0.2 6.36 0.82353
14 15 0.2 5.77 0.705883
14 16 0.2 6.22 0.7941185
14 17 0.2 6.02 0.705883
14 18 0.2 5.960000000000001 0.791177
14 19 0.2 5.920000000000001 0.735295
14 20 0.2 6.27 0.7647065
14 21 0.2 6.46 0.6911769999999999
14 22 0.2 5.77 0.705883
14 23 0.2 5.99 0.705883
15 15 0.2 5.18 0.588236
15 16 0.2 5.629999999999999 0.6764715
15 17 0.2 5.43 0.588236
15 18 0.2 5.37 0.67353
15 19 0.2 5.33 0.617648
15 20 0.2 5.680000000000001 0.6470595
15 21 0.2 5.869999999999999 0.57353
15 22 0.2 5.18 0.588236
15 23 0.2 5.4 0.588236
16 16 0.2 6.08 0.764707
16 17 0.2 5.88 0.6764715
16 18 0.2 5.82 0.7617655000000001
16 19 0.2 5.780000000000001 0.7058835
16 20 0.2 6.13 0.735295
16 21 0.2 6.32 0.6617655
16 22 0.2 5.629999999999999 0.6764715
16 23 0.2 5.85 0.6764715
17 17 0.2 5.68 0.588236
17 18 0.2 5.620000000000001 0.67353
17 19 0.2 5.58 0.617648
17 20 0.2 5.93 0.6470595
17 21 0.2 6.12 0.57353
17 22 0.2 5.43 0.588236
17 23 0.2 5.6499999999999995 0.588236
18 18 0.2 5.5600000000000005 0.758824
18 19 0.2 5.5200000000000005 0.702942
18 20 0.2 5.869999999999999 0.7323535000000001
18 21 0.2 6.0600000000000005 0.6588240000000001
18 22 0.2 5.37 0.67353
18 23 0.2 5.590000000000001 0.67353
19 19 0.2 5.48 0.64706
19 20 0.2 5.83 0.6764715
19 21 0.2 6.020000000000001 0.602942
19 22 0.2 5.33 0.617648
19 23 0.2 5.550000000000001 0.617648
20 20 0.2 6.18 0.705883
20 21 0.2 6.37 0.6323535
20 22 0.2 5.680000000000001 0.6470595
20 23 0.2 5.9 0.6470595
21 21 0.2 6.5600000000000005 0.558824
21 22 0.2 5.869999999999999 0.57353
21 23 0.2 6.09 0.57353
22 22 0.2 5.18 0.588236
22 23 0.2 5.4 0.588236
23 23 0.2 5.620000000000001 0.588236
