1 1 0.2 6.18 0.745899342
1 2 0.2 5.34 0.723585355
1 3 0.2 6.27 0.4022582575
1 4 0.2 5.9 0.6419385515
1 5 0.2 6.37 0.7354454685
1 6 0.2 5.61 0.373507803
1 7 0.2 5.88 0.387540733
1 8 0.2 6.05 0.375999812
1 9 0.2 6.32 0.8704550825
1 10 0.2 6.02 0.5822000135
1 11 0.2 6.18 0.6511006865
1 12 0.2 6.1 0.5363590735
1 13 0.2 6.48 0.865161445
1 14 0.2 6.27 0.8337976625
1 15 0.2 5.68 0.6053781775
1 16 0.2 6.13 0.605547075
1 17 0.2 5.93 0.592113321
1 18 0.2 5.87 0.5594317635
1 19 0.2 5.83 0.678130848
1 20 0.2 6.18 0.6767130875
1 21 0.2 6.37 0.7354454685
1 22 0.2 5.68 0.6053781775
1 23 0.2 5.9 0.6419385515
2 2 0.2 4.5 0.701271368
2 3 0.2 5.43 0.3799442705
2 4 0.2 5.06 0.6196245645
2 5 0.2 5.53 0.7131314815
2 6 0.2 4.77 0.351193816
2 7 0.2 5.04 0.365226746
2 8 0.2 5.21 0.353685825
2 9 0.2 5.48 0.8481410955
2 10 0.2 5.18 0.5598860265
2 11 0.2 5.34 0.6287866995
2 12 0.2 5.26 0.5140450865
2 13 0.2 5.64 0.842847458
2 14 0.2 5.43 0.8114836755
2 15 0.2 4.84 0.5830641905
2 16 0.2 5.29 0.583233088
2 17 0.2 5.09 0.569799334
2 18 0.2 5.03 0.5371177765
2 19 0.2 4.99 0.655816861
2 20 0.2 5.34 0.6543991005
2 21 0.2 5.53 0.7131314815
2 22 0.2 4.84 0.5830641905
2 23 0.2 5.06 0.6196245645
3 3 0.2 6.36 0.058617173
3 4 0.2 5.99 0.298297467
3 5 0.2 6.46 0.391804384
3 6 0.2 5.7 0.0298667185
3 7 0.2 5.97 0.0438996485
3 8 0.2 6.14 0.0323587275
3 9 0.2 6.41 0.526813998
3 10 0.2 6.11 0.238558929
3 11 0.2 6.27 0.307459602
3 12 0.2 6.19 0.192717989
3 13 0.2 6.57 0.5215203605
3 14 0.2 6.36 0.490156578
3 15 0.2 5.77 0.261737093
3 16 0.2 6.22 0.2619059905
3 17 0.2 6.02 0.2484722365
3 18 0.2 5.96 0.215790679
3 19 0.2 5.92 0.3344897635
3 20 0.2 6.27 0.333072003
3 21 0.2 6.46 0.391804384
3 22 0.2 5.77 0.261737093
3 23 0.2 5.99 0.298297467
4 4 0.2 5.620000000000001 0.537977761
4 5 0.2 6.09 0.631484678
4 6 0.2 5.33 0.2695470125
4 7 0.2 5.6 0.2835799425
4 8 0.2 5.77 0.2720390215
4 9 0.2 6.04 0.766494292
4 10 0.2 5.74 0.478239223
4 11 0.2 5.9 0.547139896
4 12 0.2 5.82 0.432398283
4 13 0.2 6.2 0.7612006545
4 14 0.2 5.99 0.729836872
4 15 0.2 5.4 0.501417387
4 16 0.2 5.85 0.5015862845
4 17 0.2 5.65 0.4881525305
4 18 0.2 5.59 0.455470973
4 19 0.2 5.55 0.5741700575
4 20 0.2 5.9 0.572752297
4 21 0.2 6.09 0.631484678
4 22 0.2 5.4 0.501417387
4 23 0.2 5.62 0.537977761
5 5 0.2 6.5600000000000005 0.724991595
5 6 0.2 5.8 0.3630539295
5 7 0.2 6.07 0.3770868595
5 8 0.2 6.24 0.3655459385
5 9 0.2 6.51 0.860001209
5 10 0.2 6.21 0.57174614
5 11 0.2 6.37 0.640646813
5 12 0.2 6.29 0.5259052
5 13 0.2 6.67 0.8547075715
5 14 0.2 6.46 0.823343789
5 15 0.2 5.87 0.594924304
5 16 0.2 6.32 0.5950932015
5 17 0.2 6.12 0.5816594475
5 18 0.2 6.06 0.54897789
5 19 0.2 6.02 0.6676769745
5 20 0.2 6.37 0.666259214
5 21 0.2 6.56 0.724991595
5 22 0.2 5.87 0.594924304
5 23 0.2 6.09 0.631484678
6 6 0.2 5.04 0.001116264
6 7 0.2 5.31 0.015149194
6 8 0.2 5.48 0.003608273
6 9 0.2 5.75 0.4980635435
6 10 0.2 5.45 0.2098084745
6 11 0.2 5.61 0.2787091475
6 12 0.2 5.53 0.1639675345
6 13 0.2 5.91 0.492769906
6 14 0.2 5.7 0.4614061235
6 15 0.2 5.11 0.2329866385
6 16 0.2 5.56 0.233155536
6 17 0.2 5.36 0.219721782
6 18 0.2 5.3 0.1870402245
6 19 0.2 5.26 0.305739309
6 20 0.2 5.61 0.3043215485
6 21 0.2 5.8 0.3630539295
6 22 0.2 5.11 0.2329866385
6 23 0.2 5.33 0.2695470125
7 7 0.2 5.58 0.029182124
7 8 0.2 5.75 0.017641203
7 9 0.2 6.02 0.5120964735
7 10 0.2 5.72 0.2238414045
7 11 0.2 5.88 0.2927420775
7 12 0.2 5.8 0.1780004645
7 13 0.2 6.18 0.506802836
7 14 0.2 5.97 0.4754390535
7 15 0.2 5.38 0.2470195685
7 16 0.2 5.83 0.247188466
7 17 0.2 5.63 0.233754712
7 18 0.2 5.57 0.2010731545
7 19 0.2 5.53 0.319772239
7 20 0.2 5.88 0.3183544785
7 21 0.2 6.07 0.3770868595
7 22 0.2 5.38 0.2470195685
7 23 0.2 5.6 0.2835799425
8 8 0.2 5.92 0.006100282
8 9 0.2 6.19 0.5005555525
8 10 0.2 5.89 0.2123004835
8 11 0.2 6.05 0.2812011565
8 12 0.2 5.97 0.1664595435
8 13 0.2 6.35 0.495261915
8 14 0.2 6.14 0.4638981325
8 15 0.2 5.55 0.2354786475
8 16 0.2 6.0 0.235647545
8 17 0.2 5.8 0.222213791
8 18 0.2 5.74 0.1895322335
8 19 0.2 5.7 0.308231318
8 20 0.2 6.05 0.3068135575
8 21 0.2 6.24 0.3655459385
8 22 0.2 5.55 0.2354786475
8 23 0.2 5.77 0.2720390215
9 9 0.2 6.46 0.995010823
9 10 0.2 6.16 0.706755754
9 11 0.2 6.32 0.775656427
9 12 0.2 6.24 0.660914814
9 13 0.2 6.62 0.9897171855
9 14 0.2 6.41 0.958353403
9 15 0.2 5.82 0.729933918
9 16 0.2 6.27 0.7301028155
9 17 0.2 6.07 0.7166690615
9 18 0.2 6.01 0.683987504
9 19 0.2 5.97 0.8026865885
9 20 0.2 6.32 0.801268828
9 21 0.2 6.51 0.860001209
9 22 0.2 5.82 0.729933918
9 23 0.2 6.04 0.766494292
10 10 0.2 5.859999999999999 0.418500685
10 11 0.2 6.02 0.487401358
10 12 0.2 5.94 0.372659745
10 13 0.2 6.32 0.7014621165
10 14 0.2 6.11 0.670098334
10 15 0.2 5.52 0.441678849
10 16 0.2 5.97 0.4418477465
10 17 0.2 5.77 0.4284139925
10 18 0.2 5.71 0.395732435
10 19 0.2 5.67 0.5144315195
10 20 0.2 6.02 0.513013759
10 21 0.2 6.21 0.57174614
10 22 0.2 5.52 0.441678849
10 23 0.2 5.74 0.478239223
11 11 0.2 6.18 0.556302031
11 12 0.2 6.1 0.441560418
11 13 0.2 6.48 0.7703627895
11 14 0.2 6.27 0.738999007
11 15 0.2 5.68 0.510579522
11 16 0.2 6.13 0.5107484195
11 17 0.2 5.93 0.4973146655
11 18 0.2 5.87 0.464633108
11 19 0.2 5.83 0.5833321925
11 20 0.2 6.18 0.581914432
11 21 0.2 6.37 0.640646813
11 22 0.2 5.68 0.510579522
11 23 0.2 5.9 0.547139896
12 12 0.2 6.02 0.326818805
12 13 0.2 6.4 0.6556211765
12 14 0.2 6.19 0.624257394
12 15 0.2 5.6 0.395837909
12 16 0.2 6.05 0.3960068065
12 17 0.2 5.85 0.3825730525
12 18 0.2 5.79 0.349891495
12 19 0.2 5.75 0.4685905795
12 20 0.2 6.1 0.467172819
12 21 0.2 6.29 0.5259052
12 22 0.2 5.6 0.395837909
12 23 0.2 5.82 0.432398283
13 13 0.2 6.78 0.984423548
13 14 0.2 6.57 0.9530597655
13 15 0.2 5.98 0.7246402805
13 16 0.2 6.43 0.724809178
13 17 0.2 6.23 0.711375424
13 18 0.2 6.17 0.6786938665
13 19 0.2 6.13 0.797392951
13 20 0.2 6.48 0.7959751905
13 21 0.2 6.67 0.8547075715
13 22 0.2 5.98 0.7246402805
13 23 0.2 6.2 0.7612006545
14 14 0.2 6.36 0.921695983
14 15 0.2 5.77 0.693276498
14 16 0.2 6.22 0.6934453955
14 17 0.2 6.02 0.6800116415
14 18 0.2 5.96 0.647330084
14 19 0.2 5.92 0.7660291685
14 20 0.2 6.27 0.764611408
14 21 0.2 6.46 0.823343789
14 22 0.2 5.77 0.693276498
14 23 0.2 5.99 0.729836872
15 15 0.2 5.18 0.464857013
15 16 0.2 5.63 0.4650259105
15 17 0.2 5.43 0.4515921565
15 18 0.2 5.37 0.418910599
15 19 0.2 5.33 0.5376096835
15 20 0.2 5.68 0.536191923
15 21 0.2 5.87 0.594924304
15 22 0.2 5.18 0.464857013
15 23 0.2 5.4 0.501417387
16 16 0.2 6.08 0.465194808
16 17 0.2 5.88 0.451761054
16 18 0.2 5.82 0.4190794965
16 19 0.2 5.78 0.537778581
16 20 0.2 6.13 0.5363608205
16 21 0.2 6.32 0.5950932015
16 22 0.2 5.63 0.4650259105
16 23 0.2 5.85 0.5015862845
17 17 0.2 5.68 0.4383273
17 18 0.2 5.62 0.4056457425
17 19 0.2 5.58 0.524344827
17 20 0.2 5.93 0.5229270665
17 21 0.2 6.12 0.5816594475
17 22 0.2 5.43 0.4515921565
17 23 0.2 5.65 0.4881525305
18 18 0.2 5.5600000000000005 0.372964185
18 19 0.2 5.52 0.4916632695
18 20 0.2 5.87 0.490245509
18 21 0.2 6.06 0.54897789
18 22 0.2 5.37 0.418910599
18 23 0.2 5.59 0.455470973
19 19 0.2 5.48 0.610362354
19 20 0.2 5.83 0.6089445935
19 21 0.2 6.02 0.6676769745
19 22 0.2 5.33 0.5376096835
19 23 0.2 5.55 0.5741700575
20 20 0.2 6.18 0.607526833
20 21 0.2 6.37 0.666259214
20 22 0.2 5.68 0.536191923
20 23 0.2 5.9 0.572752297
21 21 0.2 6.5600000000000005 0.724991595
21 22 0.2 5.87 0.594924304
21 23 0.2 6.09 0.631484678
22 22 0.2 5.18 0.464857013
22 23 0.2 5.4 0.501417387
23 23 0.2 5.620000000000001 0.537977761