1 1 0.2 6.18 0.837838
1 2 0.2 5.34 0.7432435
1 3 0.2 6.27 0.6756759999999999
1 4 0.2 5.9 0.756757
1 5 0.2 6.37 0.418919
1 6 0.2 5.609999999999999 0.783784
1 7 0.2 5.880000000000001 0.608108
1 8 0.2 6.05 0.6486485
1 9 0.2 6.32 0.8513515
1 10 0.2 6.02 0.864865
1 11 0.2 6.18 0.9054055
1 12 0.2 6.1 0.6756759999999999
1 13 0.2 6.48 0.8918919999999999
1 14 0.2 6.27 0.918919
1 15 0.2 5.680000000000001 0.7162165
1 16 0.2 6.13 0.6756759999999999
1 17 0.2 5.93 0.635135
1 18 0.2 5.869999999999999 0.918919
1 19 0.2 5.83 0.7162165
1 20 0.2 6.18 0.9054055
1 21 0.2 6.37 0.418919
1 22 0.2 5.680000000000001 0.7162165
1 23 0.2 5.9 0.756757
2 2 0.2 4.5 0.648649
2 3 0.2 5.430000000000001 0.5810815
2 4 0.2 5.0600000000000005 0.6621625
2 5 0.2 5.53 0.3243245
2 6 0.2 4.77 0.6891895
2 7 0.2 5.04 0.5135135
2 8 0.2 5.21 0.554054
2 9 0.2 5.48 0.756757
2 10 0.2 5.18 0.7702705000000001
2 11 0.2 5.34 0.810811
2 12 0.2 5.26 0.5810815
2 13 0.2 5.640000000000001 0.7972975
2 14 0.2 5.430000000000001 0.8243245
2 15 0.2 4.84 0.621622
2 16 0.2 5.29 0.5810815
2 17 0.2 5.09 0.5405405
2 18 0.2 5.03 0.8243245
2 19 0.2 4.99 0.621622
2 20 0.2 5.34 0.810811
2 21 0.2 5.53 0.3243245
2 22 0.2 4.84 0.621622
2 23 0.2 5.0600000000000005 0.6621625
3 3 0.2 6.36 0.513514
3 4 0.2 5.99 0.594595
3 5 0.2 6.46 0.256757
3 6 0.2 5.700000000000001 0.621622
3 7 0.2 5.97 0.445946
3 8 0.2 6.14 0.48648650000000004
3 9 0.2 6.41 0.6891895
3 10 0.2 6.109999999999999 0.7027030000000001
3 11 0.2 6.27 0.7432435
3 12 0.2 6.1899999999999995 0.513514
3 13 0.2 6.57 0.72973
3 14 0.2 6.36 0.756757
3 15 0.2 5.77 0.5540545
3 16 0.2 6.22 0.513514
3 17 0.2 6.02 0.472973
3 18 0.2 5.960000000000001 0.756757
3 19 0.2 5.920000000000001 0.5540545
3 20 0.2 6.27 0.7432435
3 21 0.2 6.46 0.256757
3 22 0.2 5.77 0.5540545
3 23 0.2 5.99 0.594595
4 4 0.2 5.620000000000001 0.675676
4 5 0.2 6.09 0.337838
4 6 0.2 5.33 0.7027030000000001
4 7 0.2 5.6000000000000005 0.527027
4 8 0.2 5.77 0.5675675
4 9 0.2 6.040000000000001 0.7702705000000001
4 10 0.2 5.74 0.783784
4 11 0.2 5.9 0.8243245
4 12 0.2 5.82 0.594595
4 13 0.2 6.200000000000001 0.810811
4 14 0.2 5.99 0.8378380000000001
4 15 0.2 5.4 0.6351355000000001
4 16 0.2 5.85 0.594595
4 17 0.2 5.6499999999999995 0.554054
4 18 0.2 5.590000000000001 0.8378380000000001
4 19 0.2 5.550000000000001 0.6351355000000001
4 20 0.2 5.9 0.8243245
4 21 0.2 6.09 0.337838
4 22 0.2 5.4 0.6351355000000001
4 23 0.2 5.620000000000001 0.675676
5 5 0.2 6.5600000000000005 0.0
5 6 0.2 5.800000000000001 0.364865
5 7 0.2 6.07 0.189189
5 8 0.2 6.24 0.2297295
5 9 0.2 6.51 0.4324325
5 10 0.2 6.21 0.445946
5 11 0.2 6.37 0.4864865
5 12 0.2 6.29 0.256757
5 13 0.2 6.67 0.472973
5 14 0.2 6.46 0.5
5 15 0.2 5.869999999999999 0.2972975
5 16 0.2 6.32 0.256757
5 17 0.2 6.12 0.216216
5 18 0.2 6.0600000000000005 0.5
5 19 0.2 6.020000000000001 0.2972975
5 20 0.2 6.37 0.4864865
5 21 0.2 6.5600000000000005 0.0
5 22 0.2 5.869999999999999 0.2972975
5 23 0.2 6.09 0.337838
6 6 0.2 5.04 0.72973
6 7 0.2 5.3100000000000005 0.554054
6 8 0.2 5.48 0.5945945
6 9 0.2 5.75 0.7972975
6 10 0.2 5.449999999999999 0.810811
6 11 0.2 5.609999999999999 0.8513515
6 12 0.2 5.529999999999999 0.621622
6 13 0.2 5.91 0.837838
6 14 0.2 5.700000000000001 0.864865
6 15 0.2 5.11 0.6621625
6 16 0.2 5.5600000000000005 0.621622
6 17 0.2 5.36 0.581081
6 18 0.2 5.300000000000001 0.864865
6 19 0.2 5.26 0.6621625
6 20 0.2 5.609999999999999 0.8513515
6 21 0.2 5.800000000000001 0.364865
6 22 0.2 5.11 0.6621625
6 23 0.2 5.33 0.7027030000000001
7 7 0.2 5.58 0.378378
7 8 0.2 5.75 0.41891849999999997
7 9 0.2 6.020000000000001 0.6216215
7 10 0.2 5.720000000000001 0.635135
7 11 0.2 5.880000000000001 0.6756755
7 12 0.2 5.800000000000001 0.445946
7 13 0.2 6.1800000000000015 0.6621619999999999
7 14 0.2 5.97 0.689189
7 15 0.2 5.380000000000001 0.4864865
7 16 0.2 5.83 0.445946
7 17 0.2 5.629999999999999 0.405405
7 18 0.2 5.57 0.689189
7 19 0.2 5.53 0.4864865
7 20 0.2 5.880000000000001 0.6756755
7 21 0.2 6.07 0.189189
7 22 0.2 5.380000000000001 0.4864865
7 23 0.2 5.6000000000000005 0.527027
8 8 0.2 5.92 0.459459
8 9 0.2 6.1899999999999995 0.662162
8 10 0.2 5.89 0.6756755
8 11 0.2 6.05 0.716216
8 12 0.2 5.97 0.48648650000000004
8 13 0.2 6.35 0.7027025
8 14 0.2 6.14 0.7297295
8 15 0.2 5.549999999999999 0.527027
8 16 0.2 6.0 0.48648650000000004
8 17 0.2 5.8 0.4459455
8 18 0.2 5.74 0.7297295
8 19 0.2 5.700000000000001 0.527027
8 20 0.2 6.05 0.716216
8 21 0.2 6.24 0.2297295
8 22 0.2 5.549999999999999 0.527027
8 23 0.2 5.77 0.5675675
9 9 0.2 6.46 0.864865
9 10 0.2 6.16 0.8783785
9 11 0.2 6.32 0.918919
9 12 0.2 6.24 0.6891895
9 13 0.2 6.62 0.9054055
9 14 0.2 6.41 0.9324325
9 15 0.2 5.82 0.72973
9 16 0.2 6.27 0.6891895
9 17 0.2 6.07 0.6486485
9 18 0.2 6.01 0.9324325
9 19 0.2 5.97 0.72973
9 20 0.2 6.32 0.918919
9 21 0.2 6.51 0.4324325
9 22 0.2 5.82 0.72973
9 23 0.2 6.040000000000001 0.7702705000000001
10 10 0.2 5.859999999999999 0.891892
10 11 0.2 6.02 0.9324325
10 12 0.2 5.9399999999999995 0.7027030000000001
10 13 0.2 6.32 0.918919
10 14 0.2 6.109999999999999 0.945946
10 15 0.2 5.5200000000000005 0.7432435
10 16 0.2 5.97 0.7027030000000001
10 17 0.2 5.77 0.662162
10 18 0.2 5.709999999999999 0.945946
10 19 0.2 5.67 0.7432435
10 20 0.2 6.02 0.9324325
10 21 0.2 6.21 0.445946
10 22 0.2 5.5200000000000005 0.7432435
10 23 0.2 5.74 0.783784
11 11 0.2 6.18 0.972973
11 12 0.2 6.1 0.7432435
11 13 0.2 6.48 0.9594594999999999
11 14 0.2 6.27 0.9864865
11 15 0.2 5.680000000000001 0.783784
11 16 0.2 6.13 0.7432435
11 17 0.2 5.93 0.7027025
11 18 0.2 5.869999999999999 0.9864865
11 19 0.2 5.83 0.783784
11 20 0.2 6.18 0.972973
11 21 0.2 6.37 0.4864865
11 22 0.2 5.680000000000001 0.783784
11 23 0.2 5.9 0.8243245
12 12 0.2 6.02 0.513514
12 13 0.2 6.4 0.72973
12 14 0.2 6.1899999999999995 0.756757
12 15 0.2 5.6000000000000005 0.5540545
12 16 0.2 6.05 0.513514
12 17 0.2 5.85 0.472973
12 18 0.2 5.789999999999999 0.756757
12 19 0.2 5.75 0.5540545
12 20 0.2 6.1 0.7432435
12 21 0.2 6.29 0.256757
12 22 0.2 5.6000000000000005 0.5540545
12 23 0.2 5.82 0.594595
13 13 0.2 6.78 0.945946
13 14 0.2 6.57 0.972973
13 15 0.2 5.98 0.7702705
13 16 0.2 6.43 0.72973
13 17 0.2 6.23 0.6891889999999999
13 18 0.2 6.17 0.972973
13 19 0.2 6.13 0.7702705
13 20 0.2 6.48 0.9594594999999999
13 21 0.2 6.67 0.472973
13 22 0.2 5.98 0.7702705
13 23 0.2 6.200000000000001 0.810811
14 14 0.2 6.36 1.0
14 15 0.2 5.77 0.7972975
14 16 0.2 6.22 0.756757
14 17 0.2 6.02 0.716216
14 18 0.2 5.960000000000001 1.0
14 19 0.2 5.920000000000001 0.7972975
14 20 0.2 6.27 0.9864865
14 21 0.2 6.46 0.5
14 22 0.2 5.77 0.7972975
14 23 0.2 5.99 0.8378380000000001
15 15 0.2 5.18 0.594595
15 16 0.2 5.629999999999999 0.5540545
15 17 0.2 5.43 0.5135135
15 18 0.2 5.37 0.7972975
15 19 0.2 5.33 0.594595
15 20 0.2 5.680000000000001 0.783784
15 21 0.2 5.869999999999999 0.2972975
15 22 0.2 5.18 0.594595
15 23 0.2 5.4 0.6351355000000001
16 16 0.2 6.08 0.513514
16 17 0.2 5.88 0.472973
16 18 0.2 5.82 0.756757
16 19 0.2 5.780000000000001 0.5540545
16 20 0.2 6.13 0.7432435
16 21 0.2 6.32 0.256757
16 22 0.2 5.629999999999999 0.5540545
16 23 0.2 5.85 0.594595
17 17 0.2 5.68 0.432432
17 18 0.2 5.620000000000001 0.716216
17 19 0.2 5.58 0.5135135
17 20 0.2 5.93 0.7027025
17 21 0.2 6.12 0.216216
17 22 0.2 5.43 0.5135135
17 23 0.2 5.6499999999999995 0.554054
18 18 0.2 5.5600000000000005 1.0
18 19 0.2 5.5200000000000005 0.7972975
18 20 0.2 5.869999999999999 0.9864865
18 21 0.2 6.0600000000000005 0.5
18 22 0.2 5.37 0.7972975
18 23 0.2 5.590000000000001 0.8378380000000001
19 19 0.2 5.48 0.594595
19 20 0.2 5.83 0.783784
19 21 0.2 6.020000000000001 0.2972975
19 22 0.2 5.33 0.594595
19 23 0.2 5.550000000000001 0.6351355000000001
20 20 0.2 6.18 0.972973
20 21 0.2 6.37 0.4864865
20 22 0.2 5.680000000000001 0.783784
20 23 0.2 5.9 0.8243245
21 21 0.2 6.5600000000000005 0.0
21 22 0.2 5.869999999999999 0.2972975
21 23 0.2 6.09 0.337838
22 22 0.2 5.18 0.594595
22 23 0.2 5.4 0.6351355000000001
23 23 0.2 5.620000000000001 0.675676
