1 1 6.2 -0.512423
1 2 5.35 -0.232551
1 3 6.300000000000001 -0.109515
1 4 5.9 -0.248775
1 5 6.4 -0.196046
1 6 5.6 -0.306913
1 7 5.9 -0.121684
1 8 6.050000000000001 -0.164949
1 9 6.35 -0.438061
1 10 6.050000000000001 -0.493495
1 11 6.2 -0.640867
1 12 6.1 -0.220383
1 13 6.5 -0.524592
1 14 6.300000000000001 -0.661148
1 15 5.7 -0.183877
1 16 6.15 -0.312321
1 17 5.95 -0.173061
1 18 5.9 -0.240663
1 20 6.2 -0.588137
1 21 6.4 -0.196046
1 22 5.7 -0.183877
1 23 5.9 -0.248775
2 2 4.5 -0.077066
2 3 5.45 0.070306
2 4 5.05 -0.055434
2 5 5.55 -0.00676
2 7 5.05 0.010816
2 8 5.2 0.060842
2 12 5.25 0.001352
2 15 4.85 -0.020281
2 16 5.3 -0.064898
2 17 5.1 -0.009464
2 18 5.05 -0.027041
2 21 5.55 -0.00676
2 22 4.85 -0.020281
2 23 5.05 -0.055434
3 3 6.4 0.209566
3 18 6.0 0.094643
4 3 6.0 0.048673
4 4 5.6 -0.060842
4 5 6.1 -0.031097
4 7 5.6 -0.017577
4 8 5.75 -0.009464
4 12 5.8 -0.031097
4 15 5.4 -0.039209
4 16 5.85 -0.101403
4 17 5.65 -0.028393
4 18 5.6 -0.031097
4 21 6.1 -0.031097
4 22 5.4 -0.039209
4 23 5.6 -0.060842
5 3 6.5 0.14602
5 5 6.6 0.016224
5 18 6.1 -0.004056
5 21 6.6 0.016224
6 2 4.75 -0.086531
6 3 5.7 0.048673
6 4 5.3 -0.087883
6 5 5.8 -0.021633
6 6 5.0 -0.141964
6 7 5.3 -0.004056
6 8 5.45 0.021633
6 12 5.5 -0.029745
6 15 5.1 -0.045969
6 16 5.55 -0.100051
6 17 5.35 -0.022985
6 18 5.3 -0.048673
6 21 5.8 -0.021633
6 22 5.1 -0.045969
6 23 5.3 -0.087883
7 3 6.0 -0.001352
7 5 6.1 -0.083826
7 7 5.6 0.062194
7 8 5.75 0.087883
7 16 5.85 -0.087883
7 18 5.6 0.045969
7 21 6.1 -0.083826
8 3 6.15 -0.017577
8 5 6.25 -0.081122
8 8 5.9 0.102755
8 16 6.0 -0.064898
8 18 5.75 0.055434
8 21 6.25 -0.081122
9 2 5.5 -0.181173
9 3 6.45 -0.12574
9 4 6.05 -0.181173
9 5 6.55 -0.201454
9 6 5.75 -0.228495
9 7 6.05 -0.147372
9 8 6.2 -0.151428
9 9 6.5 -0.33801
9 12 6.25 -0.175765
9 15 5.85 -0.150076
9 16 6.3 -0.250127
9 17 6.1 -0.147372
9 18 6.05 -0.20551
9 21 6.55 -0.201454
9 22 5.85 -0.150076
9 23 6.05 -0.181173
10 2 5.2 -0.231199
10 3 6.15 -0.110867
10 4 5.75 -0.242015
10 5 6.25 -0.189286
10 6 5.45 -0.320433
10 7 5.75 -0.109515
10 8 5.9 -0.135204
10 9 6.2 -0.398852
10 10 5.9 -0.520535
10 12 5.95 -0.189286
10 13 6.35 -0.474566
10 15 5.550000000000001 -0.186582
10 16 6.0 -0.25824
10 17 5.800000000000001 -0.156837
10 18 5.75 -0.223087
10 21 6.25 -0.189286
10 22 5.550000000000001 -0.186582
10 23 5.75 -0.242015
11 2 5.35 -0.336658
11 3 6.300000000000001 -0.229847
11 4 5.9 -0.360995
11 5 6.4 -0.319081
11 6 5.6 -0.438061
11 7 5.9 -0.233903
11 8 6.050000000000001 -0.259592
11 9 6.35 -0.540816
11 10 6.050000000000001 -0.650331
11 11 6.2 -0.770663
11 12 6.1 -0.320433
11 13 6.5 -0.604362
11 15 5.7 -0.304209
11 16 6.15 -0.388035
11 17 5.95 -0.279872
11 18 5.9 -0.342066
11 21 6.4 -0.319081
11 22 5.7 -0.304209
11 23 5.9 -0.360995
12 3 6.2 0.051378
12 5 6.3 -0.017577
12 7 5.8 0.028393
12 8 5.95 0.033801
12 12 6.0 0.017577
12 16 6.05 -0.041913
12 18 5.8 -0.008112
12 21 6.3 -0.017577
13 2 5.65 -0.236607
13 3 6.6 -0.137908
13 4 6.199999999999999 -0.209566
13 5 6.699999999999999 -0.235255
13 6 5.9 -0.290689
13 7 6.199999999999999 -0.158189
13 8 6.35 -0.178469
13 9 6.65 -0.40426
13 12 6.4 -0.194694
13 13 6.8 -0.458342
13 15 6.0 -0.178469
13 16 6.449999999999999 -0.312321
13 17 6.25 -0.189286
13 18 6.199999999999999 -0.27852
13 21 6.699999999999999 -0.235255
13 22 6.0 -0.178469
13 23 6.199999999999999 -0.209566
14 2 5.45 -0.332602
14 3 6.4 -0.228495
14 4 6.0 -0.352882
14 5 6.5 -0.312321
14 6 5.7 -0.424541
14 7 6.0 -0.244719
14 8 6.15 -0.255536
14 9 6.45 -0.539464
14 10 6.15 -0.624642
14 11 6.300000000000001 -0.758494
14 12 6.2 -0.328546
14 13 6.6 -0.607066
14 14 6.4 -0.75579
14 15 5.800000000000001 -0.317729
14 16 6.25 -0.419132
14 17 6.050000000000001 -0.281224
14 18 6.0 -0.348826
14 20 6.300000000000001 -0.699005
14 21 6.5 -0.312321
14 22 5.800000000000001 -0.317729
14 23 6.0 -0.352882
15 3 5.800000000000001 0.083826
15 5 5.9 0.00676
15 7 5.4 0.005408
15 8 5.550000000000001 0.025689
15 12 5.6 0.024337
15 15 5.2 0.0
15 16 5.65 -0.05949
15 17 5.45 0.012168
15 18 5.4 0.01352
15 21 5.9 0.00676
15 22 5.2 0.0
16 3 6.25 0.043265
16 5 6.35 -0.06625
16 16 6.1 -0.186582
16 18 5.85 -0.078418
16 21 6.35 -0.06625
17 3 6.050000000000001 0.062194
17 5 6.15 0.004056
17 7 5.65 -0.001352
17 8 5.800000000000001 0.021633
17 12 5.85 -0.005408
17 16 5.9 -0.055434
17 17 5.7 -0.001352
17 18 5.65 0.018929
17 21 6.15 0.004056
18 18 5.6 -0.010816
19 1 5.85 -0.448877
19 2 5.0 -0.201454
19 3 5.95 -0.037857
19 4 5.55 -0.194694
19 5 6.05 -0.121684
19 6 5.25 -0.256888
19 7 5.55 -0.100051
19 8 5.7 -0.081122
19 9 6.0 -0.336658
19 10 5.7 -0.444821
19 11 5.85 -0.562449
19 12 5.75 -0.159541
19 13 6.15 -0.443469
19 14 5.95 -0.558393
19 15 5.35 -0.160893
19 16 5.8 -0.260944
19 17 5.6 -0.124388
19 18 5.55 -0.189286
19 19 5.5 -0.509719
19 20 5.85 -0.517831
19 21 6.05 -0.121684
19 22 5.35 -0.160893
19 23 5.55 -0.194694
20 2 5.35 -0.28528
20 3 6.300000000000001 -0.181173
20 4 5.9 -0.319081
20 5 6.4 -0.265
20 6 5.6 -0.393444
20 7 5.9 -0.202806
20 8 6.050000000000001 -0.216326
20 9 6.35 -0.48403
20 10 6.050000000000001 -0.592194
20 11 6.2 -0.726045
20 12 6.1 -0.270408
20 13 6.5 -0.555688
20 15 5.7 -0.250127
20 16 6.15 -0.333954
20 17 5.95 -0.21227
20 18 5.9 -0.282576
20 20 6.2 -0.658443
20 21 6.4 -0.265
20 22 5.7 -0.250127
20 23 5.9 -0.319081
21 3 6.5 0.14602
21 5 6.6 0.016224
21 18 6.1 -0.004056
21 21 6.6 0.016224
22 3 5.800000000000001 0.083826
22 5 5.9 0.00676
22 7 5.4 0.005408
22 8 5.550000000000001 0.025689
22 12 5.6 0.024337
22 15 5.2 0.0
22 16 5.65 -0.05949
22 17 5.45 0.012168
22 18 5.4 0.01352
22 21 5.9 0.00676
22 22 5.2 0.0
23 3 6.0 0.048673
23 4 5.6 -0.060842
23 5 6.1 -0.031097
23 7 5.6 -0.017577
23 8 5.75 -0.009464
23 12 5.8 -0.031097
23 15 5.4 -0.039209
23 16 5.85 -0.101403
23 17 5.65 -0.028393
23 18 5.6 -0.031097
23 21 6.1 -0.031097
23 22 5.4 -0.039209
23 23 5.6 -0.060842
