1 1 0.049442265627906976 6.467950871367303 1 2 19.403852614101908
1 2 0.068017 5.576178403526399 1 2 16.728535210579196
1 3 0.032686 6.5677835361737795 1 2 19.70335060852134
1 4 0.035161 6.178228033595178 1 2 18.534684100785533
1 23 0.035161 6.178228033595178 1 2 18.534684100785533
1 5 0.171515 6.643964892255349 1 2 19.93189467676605
1 21 0.171515 6.643964892255349 1 2 19.93189467676605
1 6 0.04860353262790698 5.868502140125925 1 2 17.605506420377775
1 7 0.073172 6.14145960937047 1 2 18.424378828111408
1 8 0.077577 6.318176525841784 1 2 18.95452957752535
1 9 0.229375 6.590037435016079 1 2 19.770112305048237
1 10 0.06873312462790698 6.320571545407576 1 2 18.96171463622273
1 11 0.06537819262790698 6.483443734640188 1 2 19.450331203920562
1 12 0.120006 6.36518785664648 1 2 19.09556356993944
1 13 0.294931 6.755728450520449 1 2 20.267185351561345
1 14 0.215603 6.538208522101147 1 2 19.61462556630344
1 15 0.050582 5.938940625510648 1 2 17.816821876531947
1 22 0.050582 5.938940625510648 1 2 17.816821876531947
1 16 0.203491 6.392507281968151 1 2 19.177521845904455
1 17 0.116706 6.188018494610175 1 2 18.564055483830522
1 18 0.05912 8.158837188246418 1 2 24.476511564739255
1 19 0.054437 6.094294827619396 1 2 18.282884482858186
1 20 0.07124932362790698 6.496393035701747 1 2 19.48917910710524
2 2 0.2112693 4.695110240398406 1 2 14.085330721195216
2 3 0.061139 5.671338290828199 1 2 17.014014872484598
2 4 0.063614 5.284424971479424 1 2 15.85327491443827
2 23 0.063614 5.284424971479424 1 2 15.85327491443827
2 5 0.199968 5.766386193227936 1 2 17.299158579683805
2 21 0.199968 5.766386193227936 1 2 17.299158579683805
2 6 0.072975 4.980134552672144 1 2 14.940403658016432
2 7 0.101625 5.2592548053112145 1 2 15.777764415933643
2 8 0.10603 5.436374588857539 1 2 16.30912376657262
2 9 0.257828 5.7131654456309935 1 2 17.139496336892982
2 10 0.051024 5.412393397897493 1 2 16.23718019369248
2 11 0.053734 5.578930397816427 1 2 16.736791193449278
2 12 0.148459 5.486299347261422 1 2 16.458898041784266
2 13 0.323384 5.879238002082802 1 2 17.63771400624841
2 14 0.244056 5.661218822883835 1 2 16.983656468651503
2 15 0.17308664999999998 5.052524512175333 1 2 15.157573536526
2 22 0.17308664999999998 5.052524512175333 1 2 15.157573536526
2 16 0.231944 5.515411637199979 1 2 16.54623491159994
2 17 0.145159 5.3090163197417555 1 2 15.927048959225267
2 18 0.087573 6.98248742187262 1 2 20.94746226561786
2 19 0.08289 5.208722790322849 1 2 15.626168370968546
2 20 0.048432 5.580329252471181 1 2 16.740987757413542
3 3 0.019117 6.671340524039856 1 2 20.014021572119567
3 4 0.028283 6.279399881910995 1 2 18.838199645732985
3 23 0.028283 6.279399881910995 1 2 18.838199645732985
3 5 0.121938 6.73819193132635 1 2 20.21457579397905
3 21 0.121938 6.73819193132635 1 2 20.21457579397905
3 6 0.037644 5.966686347623176 1 2 17.90005904286953
3 7 0.000493 6.236987380482699 1 2 18.710962141448096
3 8 0.000526 6.413575163938182 1 2 19.240725491814544
3 9 0.102701 6.684083406034673 1 2 20.052250218104017
3 10 0.015693 6.433541011383533 1 2 19.3006230341506
3 11 0.018403 6.592557574989555 1 2 19.777672724968664
3 12 0.113128 6.4596938105680355 1 2 19.37908143170411
3 13 0.104796 6.849685211660051 1 2 20.549055634980153
3 14 0.115276 6.632280360446061 1 2 19.896841081338184
3 15 0.043704 6.036179732070119 1 2 18.10853919621036
3 22 0.043704 6.036179732070119 1 2 18.10853919621036
3 16 0.08737 6.4866030031823305 1 2 19.45980900954699
3 17 0.109828 6.2825460057664415 1 2 18.847638017299325
3 18 0.052242 8.287311874417323 1 2 24.86193562325197
3 19 0.047559 6.191153675456269 1 2 18.573461026368804
3 20 0.013101 6.617996254538358 1 2 19.853988763615074
4 4 0.030758 5.8890615748048605 1 2 17.667184724414582
4 23 0.030758 5.8890615748048605 1 2 17.667184724414582
23 23 0.030758 5.8890615748048605 1 2 17.667184724414582
4 5 0.167112 6.352015695367313 1 2 19.056047086101938
23 5 0.167112 6.352015695367313 1 2 19.056047086101938
4 21 0.167112 6.352015695367313 1 2 19.056047086101938
23 21 0.167112 6.352015695367313 1 2 19.056047086101938
4 6 0.040119 5.577947754246859 1 2 16.733843262740578
23 6 0.040119 5.577947754246859 1 2 16.733843262740578
4 7 0.068769 5.849866323299111 1 2 17.549598969897332
23 7 0.068769 5.849866323299111 1 2 17.549598969897332
4 8 0.073174 6.026541387517959 1 2 18.079624162553877
23 8 0.073174 6.026541387517959 1 2 18.079624162553877
4 9 0.224972 6.298063007043266 1 2 18.894189021129797
23 9 0.224972 6.298063007043266 1 2 18.894189021129797
4 10 0.018168 6.03696547344559 1 2 18.11089642033677
23 10 0.018168 6.03696547344559 1 2 18.11089642033677
4 11 0.020878 6.198088878491606 1 2 18.594266635474817
23 11 0.020878 6.198088878491606 1 2 18.594266635474817
4 12 0.115603 6.073287961608412 1 2 18.219863884825237
23 12 0.115603 6.073287961608412 1 2 18.219863884825237
4 13 0.290527 6.463775207339586 1 2 19.39132562201876
23 13 0.290527 6.463775207339586 1 2 19.39132562201876
4 14 0.2112 6.246251077325644 1 2 18.73875323197693
23 14 0.2112 6.246251077325644 1 2 18.73875323197693
4 15 0.046179 5.648007650359314 1 2 16.94402295107794
4 22 0.046179 5.648007650359314 1 2 16.94402295107794
23 15 0.046179 5.648007650359314 1 2 16.94402295107794
23 22 0.046179 5.648007650359314 1 2 16.94402295107794
4 16 0.199088 6.1005286446452045 1 2 18.301585933935613
23 16 0.199088 6.1005286446452045 1 2 18.301585933935613
4 17 0.112303 5.896099182190375 1 2 17.688297546571125
23 17 0.112303 5.896099182190375 1 2 17.688297546571125
4 18 0.054717 7.77145083642392 1 2 23.31435250927176
23 18 0.054717 7.77145083642392 1 2 23.31435250927176
4 19 0.050034 5.803211551983609 1 2 17.40963465595083
23 19 0.050034 5.803211551983609 1 2 17.40963465595083
4 20 0.015576 6.214617146494642 1 2 18.643851439483925
23 20 0.015576 6.214617146494642 1 2 18.643851439483925
5 5 0.089916 6.839051042416954 1 2 20.51715312725086
5 21 0.089916 6.839051042416954 1 2 20.51715312725086
21 21 0.089916 6.839051042416954 1 2 20.51715312725086
5 6 0.176473 6.049093128275473 1 2 18.14727938482642
21 6 0.176473 6.049093128275473 1 2 18.14727938482642
5 7 0.001522 6.329860382208001 1 2 18.989581146624005
21 7 0.001522 6.329860382208001 1 2 18.989581146624005
5 8 0.001554 6.507087894628845 1 2 19.521263683886534
21 8 0.001554 6.507087894628845 1 2 19.521263683886534
5 9 0.243128 6.786238537205683 1 2 20.358715611617047
21 9 0.243128 6.786238537205683 1 2 20.358715611617047
5 10 0.154522 6.477800731622431 1 2 19.433402194867295
21 10 0.154522 6.477800731622431 1 2 19.433402194867295
5 11 0.157232 6.644606745714045 1 2 19.933820237142136
21 11 0.157232 6.644606745714045 1 2 19.933820237142136
5 12 0.251957 6.5582801074116395 1 2 19.674840322234918
21 12 0.251957 6.5582801074116395 1 2 19.674840322234918
5 13 0.2766628 6.952550947859904 1 2 20.85765284357971
21 13 0.2766628 6.952550947859904 1 2 20.85765284357971
5 14 0.21797680000000003 6.734244851368496 1 2 20.20273455410549
21 14 0.21797680000000003 6.734244851368496 1 2 20.20273455410549
5 15 0.182533 6.121907195991114 1 2 18.365721587973344
5 22 0.182533 6.121907195991114 1 2 18.365721587973344
21 15 0.182533 6.121907195991114 1 2 18.365721587973344
21 22 0.182533 6.121907195991114 1 2 18.365721587973344
5 16 0.124237 6.588371399225676 1 2 19.76511419767703
21 16 0.124237 6.588371399225676 1 2 19.76511419767703
5 17 0.248657 6.381027696653046 1 2 19.143083089959138
21 17 0.248657 6.381027696653046 1 2 19.143083089959138
5 18 0.191071 8.40540166549076 1 2 25.216204996472282
21 18 0.191071 8.40540166549076 1 2 25.216204996472282
5 19 0.186388 6.2782756347766915 1 2 18.834826904330075
21 19 0.186388 6.2782756347766915 1 2 18.834826904330075
5 20 0.15193 6.644914452592528 1 2 19.934743357777585
21 20 0.15193 6.644914452592528 1 2 19.934743357777585
6 6 0.04776479962790698 5.270073550243385 1 2 15.810220650730155
6 7 0.07813 5.545103888084069 1 2 16.635311664252207
6 8 0.082535 5.721983178129665 1 2 17.165949534388993
6 9 0.234333 5.995374866482686 1 2 17.986124599448058
6 10 0.06789439162790697 5.714672842433839 1 2 17.14401852730152
6 11 0.06453945962790697 5.879183169613761 1 2 17.637549508841282
6 12 0.124964 5.769878425481944 1 2 17.30963527644583
6 13 0.299889 6.1612197345718664 1 2 18.4836592037156
6 14 0.220561 5.943524169558512 1 2 17.830572508675537
6 15 0.05554 5.341186580911172 1 2 16.023559742733518
6 22 0.05554 5.341186580911172 1 2 16.023559742733518
6 16 0.208449 5.797765867232053 1 2 17.393297601696162
6 17 0.121665 5.592676667454632 1 2 16.778030002363895
6 18 0.064078 7.364720518994867 1 2 22.094161556984602
6 19 0.059395 5.496867679432823 1 2 16.490603038298467
6 20 0.07041059062790697 5.887264113119765 1 2 17.661792339359295
7 7 0.079096 5.823521721060312 1 2 17.470565163180936
7 8 0.082359 6.000582237524121 1 2 18.001746712572363
7 9 0.10519320000000001 6.276473791430636 1 2 18.829421374291908
7 10 0.056178 5.978735433494051 1 2 17.93620630048215
7 11 0.058888 6.145089275635634 1 2 18.4352678269069
7 12 0.153614 6.0500403862929435 1 2 18.150121158878832
7 13 0.1314152 6.4424403069543335 1 2 19.327320920863002
7 14 0.0996844 6.224557346027278 1 2 18.673672038081833
7 15 0.084189 5.617298771179795 1 2 16.851896313539385
7 22 0.084189 5.617298771179795 1 2 16.851896313539385
7 16 0.001758 6.078759471752929 1 2 18.236278415258788
7 17 0.150314 5.872796196825872 1 2 17.618388590477615
7 18 0.092728 7.73334583437032 1 2 23.200037503110963
7 19 0.088045 5.773404302618334 1 2 17.320212907855
7 20 0.053587 6.146988238119009 1 2 18.44096471435703
8 8 0.085622 6.177670315650897 1 2 18.533010946952693
8 9 0.1069552 6.453698205558216 1 2 19.36109461667465
8 10 0.060583 6.155038804583549 1 2 18.46511641375065
8 11 0.063293 6.321457293122011 1 2 18.964371879366034
8 12 0.158019 6.22721384211578 1 2 18.681641526347338
8 13 0.1331772 6.61969178186508 1 2 19.85907534559524
8 14 0.10144640000000002 6.401798946045327 1 2 19.205396838135982
8 15 0.088594 5.794219764312674 1 2 17.382659292938023
8 22 0.088594 5.794219764312674 1 2 17.382659292938023
8 16 0.001791 6.2560007029022255 1 2 18.768002108706675
8 17 0.154719 6.049988923928926 1 2 18.14996677178678
8 18 0.097133 7.968728044044998 1 2 23.906184132134996
8 19 0.09245 5.950364732175825 1 2 17.851094196527477
8 20 0.057992 6.323325627682127 1 2 18.96997688304638
9 9 0.419186 6.733634028253079 1 2 20.20090208475924
9 10 0.212382 6.423549039740656 1 2 19.270647119221966
9 11 0.215092 6.590387900103195 1 2 19.771163700309586
9 12 0.309817 6.50524897581083 1 2 19.51574692743249
9 13 0.484741 6.900050363131952 1 2 20.700151089395856
9 14 0.405414 6.6815889712242855 1 2 20.044766913672856
9 15 0.240393 6.068280818635755 1 2 18.204842455907265
9 22 0.240393 6.068280818635755 1 2 18.204842455907265
9 16 0.393302 6.535691224609458 1 2 19.607073673828374
9 17 0.306517 6.327982683666391 1 2 18.98394805099917
9 18 0.248931 8.334172614617774 1 2 25.002517843853322
9 19 0.244248 6.2246507773507185 1 2 18.673952332052156
9 20 0.20979 6.5905505017289965 1 2 19.771651505186988
10 10 0.08802398362790698 6.265999286288815 1 2 18.797997858866445
10 11 0.08466905162790697 6.390932891994093 1 2 19.17279867598228
10 12 0.103013 6.199729734496916 1 2 18.59918920349075
10 13 0.277937 6.589117480615403 1 2 19.76735244184621
10 14 0.19861 6.371783619045257 1 2 19.11535085713577
10 15 0.033589 5.781664862063682 1 2 17.344994586191046
10 22 0.033589 5.781664862063682 1 2 17.344994586191046
10 16 0.186498 6.226104236834126 1 2 18.67831271050238
10 17 0.099713 6.022605657483588 1 2 18.067816972450764
10 18 0.042127 7.945860804026598 1 2 23.837582412079794
10 19 0.037444 5.935671447441882 1 2 17.807014342325644
10 20 0.09054018262790697 6.718011650959061 1 2 20.154034952877183
11 11 0.08131411962790697 6.53407242179841 1 2 19.60221726539523
11 12 0.105723 6.366490684329992 1 2 19.099472052989977
11 13 0.280647 6.755935225417062 1 2 20.267805676251186
11 14 0.20132 6.538603519887749 1 2 19.615810559663245
11 15 0.036299 5.946968662780402 1 2 17.840905988341206
11 22 0.036299 5.946968662780402 1 2 17.840905988341206
11 16 0.189208 6.392942886970462 1 2 19.178828660911385
11 17 0.102423 6.189364574070181 1 2 18.56809372221054
11 18 0.044837 8.166481951442986 1 2 24.499445854328957
11 19 0.040154 6.101247830628814 1 2 18.30374349188644
11 20 0.087185250627907 6.607723261980873 1 2 19.823169785942618
12 12 0.200448 6.277850874229409 1 2 18.833552622688227
12 13 0.375372 6.671405311072043 1 2 20.01421593321613
12 14 0.296045 6.4532756440329795 1 2 19.35982693209894
12 15 0.131024 5.84255485528308 1 2 17.52766456584924
12 22 0.131024 5.84255485528308 1 2 17.52766456584924
12 16 0.283933 6.307431677259977 1 2 18.92229503177993
12 17 0.197148 6.100591694847331 1 2 18.301775084541994
12 18 0.139562 8.033659000260148 1 2 24.100977000780443
12 19 0.134879 5.998852825433778 1 2 17.99655847630133
12 20 0.100421 6.367152767929573 1 2 19.101458303788718
13 13 0.550297 7.066547961746265 1 2 21.199643885238793
13 14 0.47097 6.84798437757724 1 2 20.54395313273172
13 15 0.305948 6.234139720557474 1 2 18.702419161672424
13 22 0.305948 6.234139720557474 1 2 18.702419161672424
13 16 0.458857 6.702091518082294 1 2 20.10627455424688
13 17 0.372073 6.494164476750084 1 2 19.48249343025025
13 18 0.314487 8.554792469159976 1 2 25.664377407479925
13 19 0.309804 6.390531854157171 1 2 19.171595562471513
13 20 0.275346 6.756032732095156 1 2 20.268098196285468
14 14 0.391642 6.629549396410893 1 2 19.88864818923268
14 15 0.226621 6.016400811210637 1 2 18.049202433631912
14 22 0.226621 6.016400811210637 1 2 18.049202433631912
14 16 0.37953 6.483674128071082 1 2 19.451022384213246
14 17 0.292745 6.276026354822916 1 2 18.828079064468746
14 18 0.235159 8.265159445262295 1 2 24.795478335786886
14 19 0.230476 6.172787382997035 1 2 18.518362148991105
14 20 0.196018 6.538787910119839 1 2 19.616363730359517
15 15 0.0616 5.412669704115792 1 2 16.238009112347374
15 22 0.0616 5.412669704115792 1 2 16.238009112347374
22 22 0.0616 5.412669704115792 1 2 16.238009112347374
15 16 0.214509 5.870633388669294 1 2 17.61190016600788
22 16 0.214509 5.870633388669294 1 2 17.61190016600788
15 17 0.127724 5.665328065098679 1 2 16.99598419529604
22 17 0.127724 5.665328065098679 1 2 16.99598419529604
15 18 0.070138 7.460389972545057 1 2 22.38116991763517
22 18 0.070138 7.460389972545057 1 2 22.38116991763517
15 19 0.065455 5.568478936337624 1 2 16.705436809012873
22 19 0.065455 5.568478936337624 1 2 16.705436809012873
15 20 0.030997 5.95253426830798 1 2 17.857602804923943
22 20 0.030997 5.95253426830798 1 2 17.857602804923943
16 16 0.027216 6.337782403912046 1 2 19.01334721173614
16 17 0.280633 6.130180422228775 1 2 18.390541266686323
16 18 0.223047 8.071303505258683 1 2 24.21391051577605
16 19 0.218364 6.027019005823624 1 2 18.081057017470872
16 20 0.183906 6.393147480752069 1 2 19.179442442256207
17 17 0.193849 5.9233491242788805 1 2 17.770047372836643
17 18 0.136263 7.79789921759545 1 2 23.39369765278635
17 19 0.13158 5.821644218417775 1 2 17.464932655253325
17 20 0.097122 6.1899864646586105 1 2 18.569959393975832
18 18 0.078677 7.72218635029584 1 2 23.16655905088752
18 19 0.073994 7.667648214335354 1 2 23.00294464300606
18 20 0.039536 8.171334992873334 1 2 24.51400497862
19 19 0.069311 5.724362787504792 1 2 17.173088362514378
19 20 0.034853 6.10586575299424 1 2 18.31759725898272
20 20 0.09305638162790697 6.921680089176746 1 2 20.76504026753024
